U 0 10 -0.195 0.421 0.400 -0.380 0.295 -0.055 -0.374 -0.338 0.097 -0.104	
U 1 10 0.024 -0.012 0.075 0.100 -0.013 -0.112 0.082 -0.039 -0.089 -0.152	
U 2 10 -0.119 0.207 -0.037 0.191 0.051 0.235 0.120 -0.030 0.203 -0.036	
U 3 10 -0.034 0.051 -0.144 0.107 0.028 0.014 0.162 -0.124 -0.139 -0.035	
U 4 10 -0.230 0.133 -0.010 0.136 -0.121 0.141 0.087 0.205 0.274 0.076	
U 5 10 0.088 0.015 0.105 -0.067 0.119 0.105 -0.429 0.165 0.514 0.126	
U 6 10 0.159 -0.115 0.086 0.111 0.149 -0.160 0.348 0.032 -0.154 -0.116	
U 7 10 -0.054 0.134 -0.076 0.063 -0.128 -0.003 0.083 -0.137 -0.145 -0.204	
U 8 10 -0.233 0.137 -0.116 -0.034 -0.196 0.155 -0.027 -0.062 0.080 0.054	
U 9 10 -0.215 0.217 -0.033 0.091 -0.058 0.244 -0.122 0.015 0.145 0.028	
U 10 10 0.056 -0.052 -0.015 0.084 0.001 -0.208 0.488 0.034 -0.164 -0.169	
U 11 10 -0.336 0.128 -0.260 -0.061 0.013 0.509 -0.121 -0.153 0.306 0.256	
U 12 10 -0.130 0.196 -0.155 0.103 -0.116 0.279 0.004 -0.117 0.186 -0.061	
U 13 10 -0.037 0.005 -0.034 0.165 0.104 0.242 0.031 -0.068 0.116 0.026	
U 14 10 0.098 -0.075 0.056 0.188 0.087 0.120 0.061 0.453 0.162 0.260	
U 15 10 -0.078 0.036 -0.039 0.211 0.149 0.259 0.116 -0.138 0.067 -0.070	
U 16 10 -0.285 0.331 -0.174 0.188 0.099 -0.007 0.486 -0.002 -0.101 -0.209	
U 17 10 -0.278 0.215 -0.049 -0.089 -0.165 0.069 0.005 0.049 0.113 -0.048	
U 18 10 -0.643 0.528 -0.040 0.049 -0.236 0.185 0.013 0.261 0.405 -0.019	
U 19 10 -0.127 0.162 -0.189 -0.040 0.157 0.172 0.130 -0.015 0.032 0.114	
U 20 10 -0.314 0.273 -0.044 0.016 -0.128 0.033 0.036 -0.032 0.051 -0.112	
U 21 10 0.074 -0.110 -0.029 -0.301 0.079 0.187 -0.519 -0.330 0.103 0.273	
U 22 10 -0.008 0.149 0.191 -0.213 -0.200 0.106 -0.542 0.028 0.140 0.095	
U 23 10 0.115 -0.037 -0.062 -0.008 0.006 -0.055 0.095 -0.224 -0.159 -0.114	
U 24 10 -0.214 0.307 0.062 0.165 -0.014 0.208 0.014 0.077 0.401 -0.066	
U 25 10 0.045 -0.122 -0.256 0.012 0.029 -0.025 0.119 -0.094 -0.200 0.072	
U 26 10 -0.079 -0.156 -0.178 0.117 0.131 0.179 0.231 0.046 -0.076 0.190	
U 27 10 -0.317 0.215 -0.013 0.225 0.052 0.359 -0.103 0.212 0.482 0.111	
U 28 10 -0.027 -0.064 0.047 0.033 0.153 0.118 -0.111 0.190 0.207 0.060	
U 29 10 0.016 0.095 -0.024 -0.007 -0.084 0.062 -0.173 -0.006 -0.036 0.087	
U 30 10 0.162 0.058 -0.250 -0.115 -0.041 -0.136 0.190 -0.249 -0.201 0.114	
U 31 10 -0.053 -0.106 -0.052 0.038 0.131 0.033 0.227 0.010 0.026 -0.098	
U 32 10 -0.176 0.098 0.067 0.104 -0.012 -0.019 -0.071 0.283 0.151 0.107	
U 33 10 0.129 -0.133 -0.141 0.016 0.040 0.049 0.016 -0.251 -0.216 0.060	
U 34 10 -0.194 0.336 -0.208 0.011 -0.139 0.058 0.290 -0.029 0.003 -0.064	
U 35 10 -0.056 -0.062 0.009 0.045 0.130 0.324 -0.288 0.218 0.343 0.224	
U 36 10 -0.137 0.236 -0.037 -0.067 -0.208 -0.069 0.106 -0.181 -0.073 -0.088	
U 37 10 -0.314 0.152 0.180 0.155 0.238 0.018 0.602 0.584 0.189 -0.271	
U 38 10 -0.238 0.144 -0.029 0.159 0.046 0.228 0.128 0.017 0.181 -0.093	
U 39 10 -0.445 0.193 -0.020 0.061 0.008 0.234 0.130 0.253 0.396 -0.005	
U 40 10 -0.195 0.176 0.040 0.083 -0.015 0.098 0.056 0.107 0.239 -0.010	
U 41 10 0.012 0.105 -0.081 0.132 0.039 -0.212 0.336 0.308 0.191 0.013	
U 42 10 -0.013 0.145 -0.069 -0.030 -0.099 -0.009 0.063 -0.192 -0.064 -0.120	
U 43 10 -0.208 0.270 0.002 0.108 -0.143 0.060 0.318 -0.038 0.115 -0.161	
U 44 10 -0.065 0.059 -0.048 0.048 0.094 -0.031 0.405 0.170 0.225 -0.130	
U 45 10 -0.139 0.091 -0.002 0.079 0.105 0.206 0.080 0.118 0.298 -0.118	
U 46 10 0.452 -0.679 0.474 -0.129 -0.212 -0.341 -1.010 -0.249 -0.389 0.064	
U 47 10 0.191 -0.260 0.056 0.065 0.081 -0.224 0.115 0.071 -0.021 -0.057	
U 48 10 -0.207 0.145 -0.088 0.089 0.001 0.187 0.049 -0.004 0.109 -0.003	
U 49 10 0.008 0.104 0.121 0.122 0.035 0.172 -0.140 0.139 0.170 -0.015	
U 50 10 -0.151 0.143 0.113 0.168 -0.025 0.072 0.013 0.347 0.339 -0.094	
U 51 10 -0.091 0.117 -0.057 0.009 0.044 -0.037 0.069 -0.086 -0.109 -0.032	
U 52 10 -0.198 0.280 -0.134 0.024 -0.106 0.212 0.102 -0.348 -0.098 0.070	
U 53 10 -0.423 0.329 0.019 -0.090 -0.287 0.004 -0.122 0.156 0.253 0.009	
U 54 10 -0.119 0.021 -0.079 0.048 0.049 0.141 -0.027 -0.019 -0.006 0.069	
U 55 10 -0.038 -0.011 -0.124 0.060 0.076 -0.125 0.404 -0.276 -0.157 -0.225	
U 56 10 -0.002 0.058 -0.002 0.066 -0.003 -0.021 0.109 -0.010 0.305 -0.117	
U 57 10 -0.522 0.461 -0.100 0.101 -0.039 0.327 -0.394 0.433 0.618 0.108	
U 58 10 -0.464 0.448 -0.160 -0.030 -0.315 0.130 0.055 -0.002 0.221 0.018	
U 59 10 0.045 -0.049 -0.076 0.137 0.185 0.097 0.174 0.093 0.097 0.064	
U 60 10 0.086 0.023 0.044 0.328 0.138 0.029 0.279 -0.032 0.043 -0.103	
U 61 10 -0.128 0.295 -0.234 0.101 -0.059 -0.132 0.041 -0.144 0.154 -0.129	
U 62 10 -0.145 0.112 0.042 0.035 -0.037 0.082 -0.088 0.239 0.262 0.045	
U 63 10 -0.333 0.281 0.038 0.025 -0.260 0.183 -0.325 0.094 0.215 -0.012	
U 64 10 -0.050 0.098 -0.079 -0.144 -0.162 0.039 -0.022 -0.110 0.071 0.069	
U 65 10 -0.028 0.092 -0.044 0.078 0.012 -0.183 0.428 -0.172 -0.310 -0.259	
U 66 10 -0.157 0.246 -0.252 0.244 0.234 0.252 0.451 -0.765 0.002 -0.500	
U 67 10 -0.109 -0.002 0.095 0.080 0.076 0.143 -0.021 0.266 0.277 0.063	
U 68 10 -0.075 -0.078 0.008 -0.102 0.047 -0.034 0.007 0.531 0.253 0.293	
U 69 10 -0.157 0.026 0.017 -0.033 -0.100 0.094 -0.089 0.163 0.259 -0.011	
U 70 10 -0.465 0.463 -0.145 -0.137 -0.331 0.150 0.082 0.051 0.265 0.092	
U 71 10 0.044 -0.004 0.129 0.020 0.047 0.020 0.209 -0.395 -0.264 -0.343	
U 72 10 0.035 -0.044 0.077 0.220 0.086 -0.139 0.179 0.114 -0.239 -0.018	
U 73 10 -0.146 0.151 0.014 -0.104 -0.146 0.000 -0.209 0.028 0.064 0.019	
U 74 10 -0.052 0.026 0.004 0.075 0.078 0.193 -0.161 0.051 0.175 0.098	
U 75 10 0.483 -0.334 0.058 -0.255 0.062 -0.416 0.204 -0.023 -0.290 0.038	
U 76 10 -0.287 0.227 -0.054 0.008 -0.076 0.248 -0.069 -0.015 0.228 0.022	
U 77 10 -0.527 0.195 -0.003 0.170 0.027 0.347 -0.050 -0.016 0.321 0.003	
U 78 10 -0.124 -0.000 -0.025 0.037 -0.052 -0.036 -0.084 0.182 0.162 0.203	
U 79 10 -0.473 0.146 0.034 -0.271 -0.146 0.104 -0.117 0.417 0.400 0.180	
U 80 10 -0.131 0.090 -0.015 0.152 -0.038 0.048 0.272 -0.010 -0.079 -0.117	
U 81 10 -0.037 0.085 0.171 0.378 0.138 0.169 -0.213 0.138 0.258 -0.187	
U 82 10 -0.105 0.142 -0.058 0.148 0.034 -0.030 0.301 -0.087 -0.180 -0.146	
U 83 10 -0.321 0.201 -0.231 0.184 0.094 0.041 0.585 0.227 0.086 0.033	
U 84 10 -0.204 0.163 -0.244 -0.022 -0.022 0.364 0.035 -0.158 0.177 0.106	
U 85 10 -0.016 -0.054 -0.070 -0.058 0.181 -0.007 -0.160 -0.165 -0.226 0.030	
U 86 10 0.234 -0.247 -0.008 0.126 0.132 -0.194 0.366 -0.152 -0.405 -0.351	
U 87 10 -0.020 -0.031 -0.569 0.506 0.581 0.535 0.645 -0.730 -0.064 -0.045	
U 88 10 -0.305 0.023 0.063 0.206 0.219 0.200 0.361 -0.042 0.061 -0.222	
U 89 10 -0.062 -0.610 -0.262 0.725 0.346 0.047 0.956 0.306 0.001 -0.126	
U 90 10 -0.143 0.128 -0.053 -0.114 0.003 0.185 -0.207 -0.138 0.161 0.018	
U 91 10 -0.226 0.250 0.044 0.100 -0.141 -0.031 0.249 0.077 0.080 -0.225	
U 92 10 -0.148 0.095 0.015 0.213 0.375 0.408 -0.077 -0.047 0.168 -0.191	
U 93 10 -0.462 0.343 -0.122 -0.050 -0.183 0.237 0.094 0.076 0.300 -0.030	
U 94 10 0.129 -0.160 0.066 -0.152 -0.092 -0.185 -0.224 -0.244 -0.026 0.036	
U 95 10 -0.090 0.017 0.020 0.173 0.193 0.225 0.098 0.026 0.157 -0.112	
U 96 10 0.126 -0.178 0.056 0.097 0.227 0.029 0.002 0.140 0.113 -0.036	
U 97 10 -0.234 0.141 0.093 0.185 0.028 0.109 0.103 0.219 0.283 -0.152	
U 98 10 0.054 0.007 -0.323 0.054 0.276 0.081 0.322 -0.263 0.211 0.010	
U 99 10 -0.431 0.412 -0.128 0.155 0.064 0.252 -0.314 -0.209 0.077 -0.118	
U 100 10 -0.105 -0.013 0.175 0.143 0.155 0.178 -0.168 0.356 0.443 0.116	