U 0 10 -0.195 0.421 0.400 -0.380 0.295 -0.055 -0.374 -0.338 0.097 -0.104	
U 1 10 0.034 0.010 0.104 0.164 -0.068 -0.073 0.075 -0.041 -0.132 -0.132	
U 2 10 -0.095 0.230 -0.046 0.205 0.043 0.249 0.095 -0.033 0.199 -0.029	
U 3 10 -0.033 0.069 -0.152 0.111 -0.027 0.045 0.168 -0.066 -0.189 -0.007	
U 4 10 -0.212 0.157 0.045 0.134 -0.029 0.193 0.034 0.239 0.364 0.008	
U 5 10 0.119 0.040 0.088 -0.097 0.154 0.066 -0.472 0.172 0.549 0.024	
U 6 10 0.135 -0.104 0.041 0.077 0.153 -0.147 0.371 0.028 -0.162 -0.125	
U 7 10 -0.089 0.146 -0.057 0.141 -0.119 -0.002 0.099 -0.147 -0.157 -0.166	
U 8 10 -0.235 0.114 -0.097 -0.043 -0.227 0.169 -0.020 -0.051 0.081 0.108	
U 9 10 -0.206 0.237 -0.023 0.100 -0.055 0.276 -0.137 0.043 0.110 0.080	
U 10 10 0.023 -0.050 -0.049 0.052 0.026 -0.218 0.517 0.009 -0.148 -0.143	
U 11 10 -0.383 0.072 -0.273 -0.194 0.078 0.527 -0.118 -0.072 0.309 0.277	
U 12 10 -0.150 0.256 -0.135 0.186 -0.108 0.271 -0.027 -0.119 0.107 0.030	
U 13 10 -0.054 -0.004 -0.051 0.209 0.063 0.231 0.011 -0.072 0.102 0.057	
U 14 10 0.066 -0.089 0.064 0.113 0.217 0.104 0.038 0.527 0.141 0.170	
U 15 10 -0.079 0.049 -0.054 0.204 0.140 0.278 0.117 -0.131 0.058 -0.035	
U 16 10 -0.267 0.413 -0.238 0.150 0.119 -0.032 0.604 0.073 -0.040 -0.213	
U 17 10 -0.293 0.211 -0.069 -0.137 -0.126 0.043 0.025 0.055 0.158 -0.084	
U 18 10 -0.634 0.517 -0.061 -0.007 -0.200 0.186 -0.000 0.300 0.443 -0.016	
U 19 10 -0.125 0.194 -0.241 -0.060 0.187 0.198 0.089 -0.001 -0.001 0.125	
U 20 10 -0.290 0.257 -0.072 0.006 -0.195 0.045 0.116 0.001 0.081 -0.118	
U 21 10 0.131 -0.157 0.020 -0.405 0.114 0.237 -0.541 -0.286 0.147 0.184	
U 22 10 -0.001 0.152 0.223 -0.300 -0.157 0.112 -0.522 0.087 0.110 0.102	
U 23 10 0.123 -0.017 -0.090 0.042 -0.014 -0.052 0.092 -0.250 -0.159 -0.131	
U 24 10 -0.179 0.322 0.082 0.149 -0.016 0.198 0.014 0.067 0.444 -0.086	
U 25 10 0.027 -0.121 -0.302 -0.006 0.072 -0.020 0.110 -0.041 -0.223 0.076	
U 26 10 -0.129 -0.202 -0.182 0.158 0.081 0.197 0.202 0.067 -0.128 0.251	
U 27 10 -0.306 0.173 0.028 0.230 0.060 0.351 -0.121 0.182 0.533 0.107	
U 28 10 -0.018 -0.082 0.032 0.026 0.163 0.110 -0.114 0.201 0.221 -0.013	
U 29 10 0.005 0.094 0.027 0.031 -0.118 0.067 -0.175 -0.004 -0.064 0.134	
U 30 10 0.136 0.019 -0.324 -0.082 -0.053 -0.179 0.208 -0.264 -0.145 0.083	
U 31 10 -0.069 -0.120 -0.106 0.038 0.102 0.035 0.266 -0.032 0.036 -0.088	
U 32 10 -0.212 0.108 0.092 0.023 0.013 -0.016 -0.072 0.345 -0.013 0.172	
U 33 10 0.135 -0.136 -0.139 0.063 0.025 0.052 0.017 -0.271 -0.211 0.090	
U 34 10 -0.185 0.341 -0.223 -0.016 -0.115 0.059 0.308 -0.015 0.039 -0.020	
U 35 10 -0.009 -0.059 0.026 0.080 0.136 0.305 -0.341 0.206 0.360 0.140	
U 36 10 -0.129 0.236 -0.049 -0.074 -0.234 -0.070 0.116 -0.192 -0.043 -0.036	
U 37 10 -0.416 0.151 0.136 0.023 0.293 -0.013 0.576 0.699 0.020 -0.271	
U 38 10 -0.173 0.170 -0.051 0.181 0.031 0.220 0.112 -0.045 0.242 -0.090	
U 39 10 -0.499 0.152 -0.033 -0.019 0.020 0.292 0.113 0.343 0.330 0.003	
U 40 10 -0.193 0.154 0.007 0.076 0.005 0.050 0.056 0.117 0.290 -0.046	
U 41 10 0.013 0.151 -0.201 -0.085 0.113 -0.231 0.533 0.565 0.182 -0.003	
U 42 10 -0.018 0.136 -0.092 -0.064 -0.106 0.013 0.059 -0.195 -0.052 -0.108	
U 43 10 -0.293 0.188 0.005 0.062 -0.181 0.015 0.334 -0.042 0.180 -0.172	
U 44 10 -0.079 0.057 -0.101 -0.047 0.166 -0.033 0.408 0.174 0.251 -0.186	
U 45 10 -0.102 0.116 0.033 0.127 0.089 0.204 0.058 0.045 0.316 -0.188	
U 46 10 0.654 -0.511 0.593 0.260 -0.303 -0.245 -1.025 -0.467 -0.246 -0.136	
U 47 10 0.206 -0.239 0.118 0.034 0.161 -0.178 0.160 0.078 0.001 -0.121	
U 48 10 -0.205 0.136 -0.100 0.075 -0.005 0.183 0.037 0.017 0.122 0.003	
U 49 10 0.010 0.117 0.173 0.180 0.020 0.178 -0.151 0.127 0.143 -0.007	
U 50 10 -0.270 0.115 0.169 0.215 -0.041 0.040 0.011 0.361 0.237 -0.047	
U 51 10 -0.219 0.144 -0.060 -0.021 0.045 -0.154 0.016 -0.061 -0.177 0.057	
U 52 10 -0.195 0.284 -0.132 0.063 -0.151 0.215 0.083 -0.340 -0.112 0.156	
U 53 10 -0.419 0.316 0.019 -0.118 -0.304 -0.043 -0.125 0.172 0.274 0.053	
U 54 10 -0.155 -0.007 -0.066 0.066 0.038 0.144 -0.024 -0.004 -0.000 0.124	
U 55 10 -0.029 0.017 -0.152 -0.069 0.066 -0.118 0.423 -0.325 -0.096 -0.261	
U 56 10 -0.015 0.050 -0.028 0.041 -0.006 -0.049 0.082 -0.092 0.382 -0.178	
U 57 10 -0.525 0.486 -0.040 0.002 -0.008 0.332 -0.418 0.515 0.531 0.142	
U 58 10 -0.457 0.420 -0.168 -0.065 -0.317 0.116 0.048 0.007 0.274 0.052	
U 59 10 0.072 -0.029 -0.078 0.140 0.197 0.100 0.163 0.080 0.120 0.040	
U 60 10 0.103 0.018 0.052 0.380 0.073 0.013 0.291 -0.121 0.105 -0.108	
U 61 10 -0.149 0.272 -0.257 0.092 0.002 -0.097 0.040 -0.225 0.254 -0.124	
U 62 10 -0.116 0.103 0.051 0.036 -0.028 0.046 -0.071 0.231 0.302 0.024	
U 63 10 -0.318 0.262 0.059 0.037 -0.291 0.183 -0.348 0.078 0.228 0.032	
U 64 10 -0.094 0.066 -0.114 -0.210 -0.165 0.019 -0.071 -0.092 0.035 0.069	
U 65 10 -0.101 0.088 -0.083 0.058 0.000 -0.172 0.427 -0.157 -0.347 -0.217	
U 66 10 -0.230 0.240 -0.296 0.289 0.168 0.364 0.413 -0.808 -0.033 -0.389	
U 67 10 -0.082 0.025 0.091 0.078 0.110 0.132 -0.043 0.309 0.259 0.050	
U 68 10 -0.106 -0.102 -0.004 -0.129 0.079 -0.011 0.033 0.601 0.134 0.321	
U 69 10 -0.137 0.013 0.021 -0.097 -0.099 0.033 -0.070 0.242 0.274 -0.069	
U 70 10 -0.487 0.453 -0.158 -0.270 -0.325 0.151 0.118 0.131 0.262 0.159	
U 71 10 0.005 -0.032 0.146 0.120 0.019 0.060 0.156 -0.501 -0.245 -0.329	
U 72 10 0.007 0.002 0.062 0.282 0.131 -0.118 0.190 0.170 -0.302 0.036	
U 73 10 -0.148 0.147 -0.016 -0.159 -0.122 -0.023 -0.200 0.043 0.090 0.019	
U 74 10 -0.039 0.043 -0.032 0.085 0.108 0.205 -0.180 0.103 0.148 0.095	
U 75 10 0.495 -0.331 0.033 -0.265 0.087 -0.441 0.238 -0.073 -0.249 -0.016	
U 76 10 -0.303 0.193 -0.024 -0.026 -0.079 0.260 -0.084 0.019 0.226 0.039	
U 77 10 -0.573 0.153 0.059 0.152 -0.023 0.317 -0.052 0.008 0.323 0.065	
U 78 10 -0.079 -0.010 -0.023 0.027 -0.066 -0.031 -0.079 0.178 0.211 0.223	
U 79 10 -0.515 0.056 0.015 -0.344 -0.160 0.083 -0.105 0.500 0.354 0.228	
U 80 10 -0.130 0.136 0.007 0.194 -0.067 0.096 0.283 0.041 -0.152 -0.024	
U 81 10 -0.038 0.096 0.166 0.463 0.116 0.123 -0.255 0.069 0.288 -0.230	
U 82 10 -0.145 0.160 -0.069 0.160 0.027 -0.023 0.291 -0.086 -0.213 -0.078	
U 83 10 -0.316 0.206 -0.321 0.135 0.128 0.044 0.558 0.270 0.121 0.011	
U 84 10 -0.222 0.177 -0.212 0.017 0.037 0.425 -0.024 -0.123 0.082 0.193	
U 85 10 -0.133 -0.151 -0.019 -0.090 0.039 -0.127 -0.132 -0.227 -0.143 0.112	
U 86 10 0.204 -0.223 -0.025 0.168 0.138 -0.184 0.377 -0.148 -0.439 -0.337	
U 87 10 -0.116 0.039 -0.616 0.568 0.581 0.507 0.716 -0.704 -0.116 0.152	
U 88 10 -0.380 0.015 0.114 0.224 0.212 0.245 0.354 -0.037 -0.017 -0.150	
U 89 10 -0.173 -0.590 -0.349 0.941 0.384 0.105 1.087 0.323 -0.089 0.031	
U 90 10 -0.135 0.105 -0.040 -0.143 0.004 0.181 -0.217 -0.136 0.197 -0.021	
U 91 10 -0.246 0.249 0.008 0.056 -0.122 -0.047 0.263 0.051 0.112 -0.230	
U 92 10 -0.221 0.081 0.051 0.231 0.371 0.425 -0.108 -0.054 0.126 -0.194	
U 93 10 -0.440 0.339 -0.130 -0.116 -0.149 0.224 0.094 0.091 0.362 -0.041	
U 94 10 0.095 -0.205 0.089 -0.284 -0.088 -0.206 -0.145 -0.255 -0.003 0.083	
U 95 10 -0.126 0.035 0.019 0.159 0.220 0.210 0.079 0.030 0.156 -0.125	
U 96 10 0.125 -0.170 0.052 0.133 0.232 0.019 -0.012 0.116 0.108 -0.069	
U 97 10 -0.226 0.135 0.090 0.173 0.040 0.082 0.085 0.199 0.312 -0.192	
U 98 10 0.151 0.045 -0.385 0.163 0.261 0.124 0.348 -0.355 0.302 -0.031	
U 99 10 -0.470 0.420 -0.080 0.125 0.084 0.223 -0.365 -0.309 0.126 -0.138	
U 100 10 -0.079 -0.014 0.196 0.137 0.181 0.140 -0.184 0.340 0.469 0.061	