U 0 10 -0.195 0.421 0.400 -0.380 0.295 -0.055 -0.374 -0.338 0.097 -0.104	
U 1 10 -0.032 -0.032 -0.177 0.076 -0.040 -0.059 -0.036 0.012 -0.236 0.123	
U 2 10 -0.155 0.184 -0.110 0.062 0.022 0.038 0.002 0.060 -0.006 0.124	
U 3 10 0.162 -0.180 0.157 -0.146 0.142 0.030 -0.179 -0.324 -0.046 0.116	
U 4 10 -0.161 -0.073 -0.147 0.125 -0.242 -0.168 0.309 0.061 -0.215 0.224	
U 5 10 -0.101 0.107 -0.087 -0.029 0.185 0.060 -0.064 0.216 0.349 0.209	
U 6 10 0.176 -0.306 0.197 0.096 0.158 -0.042 0.189 -0.147 -0.289 -0.019	
U 7 10 -0.033 -0.032 -0.333 -0.147 -0.220 -0.035 -0.014 -0.191 -0.160 -0.290	
U 8 10 -0.186 0.087 -0.182 -0.017 0.060 0.046 0.142 -0.108 0.190 -0.002	
U 9 10 -0.308 0.084 -0.016 0.043 -0.095 0.139 -0.101 0.016 0.127 0.017	
U 10 10 -0.114 -0.089 -0.167 -0.138 -0.010 0.164 0.067 -0.186 -0.153 -0.071	
U 11 10 -0.106 0.115 0.008 0.214 -0.235 -0.216 -0.179 -0.198 0.049 0.073	
U 12 10 0.392 -0.078 -0.144 -0.001 -0.040 0.265 0.119 -0.100 0.248 -0.336	
U 13 10 -0.050 0.067 -0.110 0.039 -0.041 0.124 -0.011 0.077 -0.051 -0.106	
U 14 10 0.322 -0.217 -0.043 0.052 -0.270 0.005 0.071 0.270 -0.278 0.275	
U 15 10 -0.073 -0.034 -0.073 0.083 0.030 0.091 -0.098 0.064 -0.066 0.093	
U 16 10 0.005 0.001 -0.048 0.012 0.163 -0.210 -0.074 -0.004 -0.096 -0.026	
U 17 10 -0.146 0.020 -0.023 -0.027 -0.070 0.049 -0.073 0.000 0.040 0.016	
U 18 10 -0.611 0.093 -0.103 0.197 -0.177 0.069 -0.158 0.194 -0.111 -0.089	
U 19 10 -0.056 0.228 0.044 0.102 -0.017 -0.216 0.076 0.098 0.029 -0.134	
U 20 10 -0.295 0.123 0.244 -0.176 0.054 -0.083 -0.081 0.143 0.106 0.091	
U 21 10 0.180 -0.091 -0.086 -0.147 0.156 -0.125 -0.293 -0.315 0.063 0.245	
U 22 10 -0.188 0.210 -0.016 -0.031 -0.028 0.154 -0.078 0.133 0.095 -0.007	
U 23 10 0.042 -0.041 -0.035 -0.112 -0.082 -0.107 0.234 -0.168 0.094 0.095	
U 24 10 -0.286 0.244 0.063 0.067 -0.166 0.192 -0.035 0.073 0.088 -0.072	
U 25 10 0.125 -0.266 -0.017 0.125 0.158 -0.026 0.080 -0.078 0.011 0.243	
U 26 10 0.043 0.041 0.143 0.093 -0.079 -0.003 0.023 0.012 -0.001 0.015	
U 27 10 -0.175 0.086 -0.222 0.122 0.124 0.246 -0.352 0.100 0.273 0.105	
U 28 10 -0.009 0.052 0.054 -0.059 0.087 -0.030 -0.042 -0.027 0.033 0.034	
U 29 10 0.003 0.119 -0.140 -0.015 -0.130 -0.075 -0.066 0.129 -0.189 0.048	
U 30 10 0.243 0.284 0.100 -0.174 -0.274 -0.095 -0.217 -0.055 0.118 0.220	
U 31 10 -0.020 -0.049 -0.042 0.184 0.078 0.103 0.025 0.016 0.018 -0.095	
U 32 10 -0.058 0.099 0.229 0.041 0.229 -0.214 0.091 0.198 0.356 0.184	
U 33 10 0.175 -0.092 -0.057 -0.021 0.005 0.024 -0.071 -0.075 -0.105 -0.090	
U 34 10 -0.085 0.123 -0.035 0.006 -0.147 0.112 0.050 0.006 0.015 0.042	
U 35 10 -0.068 -0.060 -0.119 0.058 0.036 0.196 -0.156 0.193 0.127 0.053	
U 36 10 -0.142 0.106 0.014 0.017 -0.112 0.017 0.054 -0.082 -0.102 -0.003	
U 37 10 -0.103 0.182 0.062 0.046 0.045 -0.120 -0.017 0.418 0.003 0.079	
U 38 10 -0.090 -0.069 0.121 -0.092 0.058 -0.079 0.019 0.125 0.058 -0.094	
U 39 10 -0.412 0.152 -0.161 0.180 0.069 0.288 0.162 0.162 0.354 0.073	
U 40 10 -0.200 0.024 0.056 0.012 0.089 0.077 0.147 -0.076 0.229 0.161	
U 41 10 0.132 -0.131 0.078 0.406 -0.000 -0.247 -0.224 -0.302 0.359 0.117	
U 42 10 -0.016 0.047 0.033 -0.006 -0.106 0.018 0.035 -0.148 -0.025 -0.104	
U 43 10 0.189 0.218 0.187 0.131 -0.018 0.022 0.320 -0.102 -0.260 -0.045	
U 44 10 0.009 0.072 -0.069 0.017 0.018 0.100 0.132 0.018 0.080 0.005	
U 45 10 -0.258 -0.020 -0.047 -0.035 0.071 0.088 -0.022 0.216 0.218 0.021	
U 46 10 0.383 -0.716 0.072 -0.152 -0.217 -0.575 -0.801 -0.092 -0.401 0.167	
U 47 10 0.124 -0.206 -0.318 0.291 -0.115 -0.389 0.007 0.020 -0.122 -0.029	
U 48 10 -0.228 0.162 -0.046 0.132 -0.037 0.118 0.008 0.022 0.079 -0.099	
U 49 10 -0.075 0.057 -0.083 0.155 0.079 0.015 0.053 0.151 0.051 0.176	
U 50 10 -0.145 -0.064 0.076 0.030 0.134 0.095 0.028 0.362 0.382 -0.245	
U 51 10 -0.022 0.093 0.013 -0.022 0.102 0.265 0.016 -0.145 -0.145 -0.264	
U 52 10 -0.191 0.036 -0.008 0.182 -0.154 -0.081 -0.042 -0.206 -0.152 0.174	
U 53 10 -0.351 0.288 -0.025 0.036 -0.122 0.187 0.089 0.042 0.245 -0.056	
U 54 10 0.158 0.124 0.108 0.010 0.023 -0.133 0.086 0.027 0.064 -0.153	
U 55 10 -0.281 -0.204 -0.284 0.367 0.337 -0.061 0.250 -0.189 -0.060 -0.148	
U 56 10 0.183 0.278 0.235 -0.146 0.063 0.035 0.229 -0.138 0.096 -0.147	
U 57 10 -0.367 0.362 -0.303 0.128 -0.218 0.386 -0.192 0.362 0.583 0.034	
U 58 10 -0.341 0.452 -0.076 0.166 -0.196 0.244 0.021 0.030 0.171 -0.026	
U 59 10 -0.072 -0.003 -0.041 0.051 0.001 0.024 0.022 0.069 -0.049 0.029	
U 60 10 -0.002 -0.118 -0.184 -0.025 -0.029 0.075 0.035 -0.128 -0.217 0.164	
U 61 10 0.120 0.385 -0.115 0.204 -0.156 -0.340 0.138 0.049 0.109 -0.277	
U 62 10 -0.164 0.116 -0.081 0.012 -0.059 0.114 -0.065 0.253 0.178 0.139	
U 63 10 -0.193 0.293 0.063 0.091 -0.239 0.240 0.010 -0.055 0.267 0.181	
U 64 10 0.319 0.073 0.092 -0.243 0.199 -0.108 0.322 0.284 0.381 0.259	
U 65 10 0.167 0.047 0.083 0.037 0.048 -0.079 0.077 -0.081 -0.432 -0.249	
U 66 10 0.238 0.173 -0.098 -0.148 0.383 -0.192 0.166 -0.434 -0.072 -0.356	
U 67 10 -0.023 0.130 0.080 -0.120 0.197 0.195 -0.145 0.220 0.372 0.261	
U 68 10 -0.083 0.172 0.033 -0.138 0.203 -0.096 -0.056 0.151 0.265 0.257	
U 69 10 -0.180 0.114 0.132 -0.081 -0.198 0.045 -0.123 -0.141 0.056 0.038	
U 70 10 -0.328 0.189 0.050 0.234 0.030 0.189 0.062 -0.083 0.392 0.026	
U 71 10 0.070 0.127 0.152 -0.369 -0.288 -0.103 0.199 -0.124 -0.425 -0.169	
U 72 10 -0.114 0.028 -0.043 -0.148 -0.159 -0.171 -0.283 0.020 -0.230 -0.042	
U 73 10 -0.099 0.130 0.042 0.063 -0.072 0.122 -0.008 0.043 0.136 0.002	
U 74 10 0.209 0.198 0.211 -0.010 -0.038 -0.009 -0.080 0.087 0.052 -0.001	
U 75 10 0.411 -0.306 0.173 -0.332 0.081 -0.365 0.000 -0.020 -0.260 0.012	
U 76 10 -0.284 0.366 -0.122 0.131 -0.047 0.056 -0.109 -0.098 0.237 -0.026	
U 77 10 -0.430 0.041 -0.144 0.200 -0.052 0.264 -0.186 -0.139 0.390 -0.046	
U 78 10 -0.115 0.065 -0.017 0.097 0.003 0.037 0.060 0.096 0.142 0.104	
U 79 10 -0.162 0.213 0.207 -0.247 0.129 -0.026 -0.209 0.081 0.512 -0.151	
U 80 10 -0.239 -0.020 -0.043 0.271 -0.229 -0.024 0.218 -0.149 -0.179 -0.175	
U 81 10 -0.105 0.049 -0.025 -0.078 0.034 -0.079 -0.108 0.041 0.117 -0.149	
U 82 10 -0.050 -0.019 0.110 0.014 0.076 -0.051 0.146 -0.162 -0.061 -0.266	
U 83 10 -0.076 0.115 -0.231 -0.038 0.043 0.222 -0.019 -0.062 -0.013 0.137	
U 84 10 0.176 -0.059 -0.343 -0.258 -0.213 0.226 0.079 0.117 0.414 0.177	
U 85 10 -0.139 0.155 -0.064 0.122 0.301 0.087 0.260 0.000 -0.373 -0.258	
U 86 10 0.090 -0.339 -0.181 0.162 -0.115 -0.115 -0.180 -0.142 -0.174 -0.371	
U 87 10 -0.008 -0.120 -0.203 0.125 0.241 -0.047 -0.187 -0.164 0.075 -0.051	
U 88 10 -0.085 0.128 0.099 -0.122 0.121 0.114 0.081 -0.075 0.232 0.029	
U 89 10 0.236 -0.267 -0.119 0.115 -0.150 -0.157 -0.237 0.081 -0.040 -0.321	
U 90 10 -0.123 0.136 -0.068 0.008 0.016 0.119 0.024 -0.059 0.206 -0.007	
U 91 10 -0.138 0.048 0.247 0.109 -0.314 0.124 0.231 0.256 0.244 -0.083	
U 92 10 -0.142 0.185 -0.108 0.109 0.061 0.152 -0.049 0.107 0.147 -0.040	
U 93 10 -0.414 0.315 -0.073 0.016 -0.081 0.353 -0.006 0.114 0.219 -0.080	
U 94 10 0.297 -0.274 -0.136 0.092 -0.114 -0.203 -0.335 -0.312 0.067 -0.034	
U 95 10 -0.172 0.003 -0.084 -0.057 -0.008 0.083 -0.060 0.061 0.133 -0.074	
U 96 10 -0.064 -0.215 0.034 0.147 0.106 0.086 -0.175 0.222 0.091 0.092	
U 97 10 -0.237 0.148 -0.103 0.114 -0.109 0.214 0.008 0.070 0.222 0.069	
U 98 10 -0.155 0.089 -0.107 -0.294 0.357 0.129 -0.213 0.117 0.277 -0.004	
U 99 10 -0.327 0.298 -0.156 0.210 0.028 0.089 -0.098 0.188 0.016 -0.017	
U 100 10 0.186 -0.031 -0.038 0.026 0.066 0.311 -0.037 0.003 -0.332 0.000	