V 0 10 0.139 0.159 -0.269 0.252 0.409 0.483 0.397 -0.238 -0.032 -0.324	
V 1 10 -0.050 -0.078 -0.058 0.050 -0.035 0.057 -0.122 -0.232 -0.138 -0.133	
V 2 10 -0.090 -0.163 -0.136 -0.108 -0.061 -0.008 0.103 -0.044 -0.123 -0.015	
V 3 10 0.160 -0.352 0.104 -0.078 0.048 -0.385 -0.073 -0.004 -0.270 -0.137	
V 4 10 0.386 -0.264 -0.004 0.039 0.042 -0.251 -0.027 0.000 -0.064 -0.099	
V 5 10 0.420 -0.409 0.114 -0.128 -0.034 -0.423 0.044 -0.059 -0.296 -0.180	
V 6 10 -0.171 0.237 -0.025 0.049 -0.130 0.073 0.008 -0.118 0.110 -0.003	
V 7 10 0.294 -0.170 0.156 -0.027 0.062 -0.159 0.213 -0.231 -0.278 -0.062	
V 8 10 0.158 -0.184 0.197 -0.434 0.254 -0.067 -0.039 -0.178 -0.212 -0.115	
V 9 10 0.498 -0.091 0.115 -0.162 0.142 -0.230 0.307 -0.191 -0.158 0.151	
V 10 10 0.029 0.126 0.200 -0.042 0.046 0.087 0.119 0.015 0.024 -0.019	
V 11 10 0.081 0.071 0.006 0.016 -0.082 -0.022 0.102 -0.059 -0.021 0.087	
V 12 10 0.470 0.098 -0.117 0.270 0.048 0.092 -0.210 -0.191 -0.144 0.394	
V 13 10 0.116 -0.197 -0.017 -0.222 0.199 -0.075 0.274 -0.105 0.011 -0.021	
V 14 10 -0.024 0.180 0.165 -0.198 0.171 0.117 0.038 0.175 0.234 -0.098	
V 15 10 0.414 -0.633 -0.314 0.008 -0.253 -0.242 -0.066 0.480 -0.690 -0.136	
V 16 10 -0.030 0.028 -0.045 0.045 0.125 -0.032 -0.116 -0.055 0.007 -0.040	
V 17 10 -0.040 0.028 0.126 -0.001 -0.074 0.038 0.192 -0.196 0.185 -0.200	
V 18 10 0.004 0.053 -0.252 -0.015 -0.113 0.160 0.013 0.030 -0.168 0.083	
V 19 10 0.257 -0.318 -0.021 -0.120 0.070 -0.237 -0.151 0.275 -0.912 -0.104	
V 20 10 0.120 -0.421 -0.055 -0.221 0.106 -0.225 -0.085 0.187 -0.461 -0.213	
V 21 10 -0.097 0.043 0.040 -0.003 -0.134 0.054 -0.027 0.055 -0.129 -0.109	
V 22 10 0.149 -0.022 0.167 -0.057 -0.028 -0.235 0.026 0.089 -0.300 -0.237	
V 23 10 0.204 -0.429 -0.079 -0.023 -0.062 -0.300 -0.118 0.143 -0.526 -0.362	
V 24 10 0.138 -0.216 -0.073 0.106 0.126 -0.202 0.068 0.062 -0.285 -0.031	
V 25 10 -0.326 -0.031 0.034 -0.069 -0.018 -0.095 0.054 -0.076 0.013 0.091	
V 26 10 0.072 0.083 0.140 0.012 -0.175 0.023 0.024 0.208 0.029 -0.182	
V 27 10 0.146 -0.336 -0.316 0.241 0.359 -0.356 -0.161 -0.037 -0.323 -0.294	
V 28 10 -0.065 0.113 -0.172 0.151 -0.080 0.192 0.098 0.128 0.192 0.011	
V 29 10 -0.323 0.099 0.141 -0.077 0.006 0.140 0.172 0.109 0.148 0.040	
V 30 10 0.136 -0.249 0.099 -0.069 0.233 -0.219 0.194 0.254 -0.107 0.008	
V 31 10 0.458 -0.255 0.019 -0.157 0.115 -0.338 -0.060 -0.176 -0.493 -0.025	
V 32 10 -0.297 0.190 -0.081 0.105 -0.070 0.048 0.055 -0.162 0.350 -0.007	
V 33 10 -0.421 -0.312 0.117 0.052 -0.022 -0.016 0.171 -0.466 -0.395 0.001	
V 34 10 -0.186 0.119 -0.082 0.070 -0.004 0.177 0.063 -0.079 0.235 -0.016	
V 35 10 -0.067 -0.070 -0.133 -0.150 -0.253 0.269 -0.228 0.069 -0.144 -0.232	
V 36 10 -0.093 0.170 -0.043 0.055 -0.092 0.029 0.047 -0.002 0.203 -0.012	
V 37 10 0.173 0.394 -0.073 -0.409 -0.363 -0.370 -0.064 -0.341 -0.379 -0.388	
V 38 10 -0.009 -0.636 0.120 -0.376 0.042 0.122 -0.242 -0.622 -0.043 -0.193	
V 39 10 -0.094 0.119 0.091 0.054 -0.121 -0.059 0.033 0.027 0.046 -0.086	
V 40 10 -0.044 0.353 0.291 -0.309 -0.005 -0.217 0.284 0.303 0.035 -0.136	
V 41 10 -0.180 0.150 -0.094 0.069 -0.015 0.117 -0.145 0.191 0.172 0.032	
V 42 10 0.216 -0.233 0.009 -0.140 -0.091 -0.107 0.044 -0.075 -0.342 -0.131	
V 43 10 0.120 0.018 -0.126 0.034 0.044 -0.098 0.056 -0.160 -0.120 -0.056	
V 44 10 0.444 -0.240 0.187 -0.145 -0.068 -0.285 0.014 -0.373 -0.290 -0.125	
V 45 10 -0.221 0.162 -0.083 0.000 -0.044 0.118 -0.004 0.089 0.410 0.054	
V 46 10 0.387 -0.105 0.133 -0.029 0.098 -0.248 -0.031 -0.357 -0.113 -0.056	
V 47 10 -0.187 0.210 -0.087 0.149 -0.124 -0.025 0.006 -0.048 -0.017 -0.163	
V 48 10 0.367 -0.272 0.203 0.058 0.147 -0.323 0.151 -0.036 -0.231 -0.151	
V 49 10 -0.394 -0.257 0.194 0.248 0.279 -0.246 -0.269 0.303 -0.180 0.294	
V 50 10 -0.230 0.370 -0.152 0.043 -0.069 0.247 0.050 -0.053 0.312 -0.037	
V 51 10 -0.219 -0.252 -0.167 -0.478 -0.343 0.246 0.451 -0.399 -0.308 0.040	
V 52 10 -0.086 0.084 -0.007 -0.027 -0.120 -0.050 0.101 -0.054 -0.050 0.004	
V 53 10 -0.373 -0.238 0.423 -0.184 -0.003 -0.162 -0.178 0.002 -0.046 -0.125	
V 54 10 -0.102 -0.038 0.036 0.179 0.253 -0.224 -0.170 -0.326 -0.219 -0.209	
V 55 10 0.056 -0.115 0.276 -0.170 0.100 0.214 -0.343 -0.209 -0.270 0.336	
V 56 10 0.057 -0.020 0.257 0.204 -0.433 0.220 -0.311 0.051 -0.471 0.175	
V 57 10 0.062 -0.182 -0.019 0.170 0.035 0.063 0.229 0.263 0.343 0.020	
V 58 10 -0.165 0.092 -0.004 0.053 0.066 0.205 0.200 0.125 0.206 0.087	
V 59 10 0.390 -0.462 -0.506 0.074 0.301 0.074 0.266 0.231 -0.413 -0.460	
V 60 10 0.158 -0.021 0.090 0.007 -0.067 -0.127 0.058 -0.082 -0.134 0.077	
V 61 10 0.377 -0.129 0.184 0.016 0.035 -0.109 -0.102 -0.195 -0.262 -0.216	
V 62 10 0.113 -0.012 0.092 -0.001 -0.069 -0.078 0.136 -0.250 -0.362 -0.287	
V 63 10 0.527 0.076 0.090 -0.353 -0.176 -0.045 0.128 -0.505 0.011 -0.110	
V 64 10 0.343 -0.675 -0.077 0.112 -0.062 -0.517 -0.030 -0.208 0.114 -0.135	
V 65 10 0.951 -0.343 0.230 -0.267 0.304 -0.191 0.148 -0.357 -0.360 0.259	
V 66 10 0.527 -0.519 0.301 -0.357 -0.059 -0.460 -0.039 -0.141 -0.396 0.181	
V 67 10 0.314 -0.476 -0.203 0.214 -0.425 -0.195 -0.069 -0.078 0.331 0.127	
V 68 10 -0.199 -0.354 0.096 -0.164 0.056 -0.040 -0.016 -0.012 0.036 -0.124	
V 69 10 0.018 0.192 -0.073 0.001 -0.057 0.086 0.108 -0.239 -0.010 -0.105	
V 70 10 0.234 -0.098 0.124 -0.178 -0.306 -0.170 -0.078 -0.297 -0.502 -0.251	
V 71 10 0.690 -0.365 0.103 0.052 0.244 -0.540 0.132 -0.653 -0.247 -0.184	
V 72 10 0.147 0.241 -0.059 0.220 -0.006 0.009 0.193 0.266 0.006 -0.135	
V 73 10 0.015 -0.095 0.047 0.017 -0.015 -0.027 0.052 -0.128 -0.046 -0.080	
V 74 10 0.673 -0.041 0.228 -0.339 -0.078 -0.338 0.186 -0.107 -0.277 0.070	
V 75 10 0.366 0.052 -0.049 0.434 0.058 -0.084 0.360 -0.120 0.282 -0.255	
V 76 10 0.050 -0.160 0.047 -0.059 -0.071 -0.045 0.029 -0.292 -0.083 0.079	
V 77 10 0.187 0.093 0.246 -0.056 -0.323 -0.091 -0.253 -0.094 0.205 0.238	
V 78 10 -0.043 -0.002 -0.044 0.047 0.428 -0.079 0.051 0.193 -0.157 0.019	
V 79 10 0.694 -0.020 0.356 0.034 0.002 -0.355 0.362 -0.087 -0.087 -0.057	
V 80 10 -0.014 0.074 0.270 -0.039 0.074 -0.114 0.125 0.088 0.146 0.282	
V 81 10 0.162 0.130 0.107 -0.249 0.095 -0.033 -0.023 -0.151 0.065 -0.001	
V 82 10 -0.272 -0.086 -0.001 0.269 -0.343 -0.254 -0.110 0.154 0.141 0.294	
V 83 10 0.198 -0.276 0.077 0.120 0.308 0.212 -0.055 0.009 -0.313 0.060	
V 84 10 -0.082 -0.330 -0.109 0.350 -0.288 -0.500 0.207 0.138 -0.439 0.414	
V 85 10 0.223 0.006 0.116 -0.103 0.005 -0.130 0.053 -0.165 -0.074 -0.177	
V 86 10 0.111 -0.199 0.083 -0.093 0.072 -0.110 0.069 -0.140 -0.143 -0.053	
V 87 10 0.399 0.013 0.320 -0.491 0.491 -0.351 -0.111 -0.229 0.012 0.134	
V 88 10 0.434 -0.044 0.103 -0.030 0.081 -0.060 0.337 -0.498 -0.084 0.074	
V 89 10 0.277 -0.081 0.120 -0.178 0.157 -0.181 0.100 -0.144 -0.114 -0.082	
V 90 10 0.262 0.183 0.172 0.241 -0.328 0.045 0.003 0.306 0.054 0.469	
V 91 10 -0.001 0.176 -0.118 0.341 -0.085 -0.061 -0.273 -0.134 -0.004 -0.058	
V 92 10 0.621 -0.123 -0.101 -0.323 0.087 -0.261 -0.156 0.047 -0.053 0.013	
V 93 10 0.615 -0.042 0.186 -0.349 0.229 -0.387 0.173 -0.039 -0.199 -0.223	
V 94 10 0.054 0.171 0.082 0.109 -0.151 0.003 -0.046 0.027 -0.185 -0.001	
V 95 10 0.488 -0.345 0.149 -0.136 0.046 -0.439 0.096 -0.196 -0.293 -0.060	
V 96 10 0.228 -0.087 0.186 0.190 -0.397 -0.127 -0.144 0.271 0.320 0.398	
V 97 10 -0.158 -0.109 -0.156 0.291 0.214 -0.106 -0.321 -0.179 -0.149 0.570	
V 98 10 0.042 0.410 -0.015 -0.250 -0.258 0.113 -0.043 0.314 -0.185 -0.218	
V 99 10 -0.156 -0.026 -0.007 -0.193 -0.088 -0.273 -0.017 0.227 -0.334 0.403	
V 100 10 0.034 0.054 -0.054 0.097 -0.008 0.086 0.231 0.213 -0.094 0.026	