V 0 10 0.139 0.159 -0.269 0.252 0.409 0.483 0.397 -0.238 -0.032 -0.324	
V 1 10 -0.115 0.180 -0.033 0.073 -0.110 -0.032 0.285 -0.004 0.118 -0.142	
V 2 10 -0.008 -0.066 -0.021 -0.144 -0.133 -0.268 0.199 0.116 -0.074 -0.029	
V 3 10 0.352 -0.286 0.065 -0.084 0.075 -0.221 0.023 -0.074 -0.377 -0.035	
V 4 10 0.269 -0.279 0.012 -0.019 -0.005 -0.446 0.407 0.241 -0.166 -0.042	
V 5 10 0.413 -0.315 0.102 -0.002 0.070 -0.433 0.440 -0.142 -0.574 -0.259	
V 6 10 -0.262 0.231 -0.028 -0.055 -0.245 0.032 -0.135 -0.026 0.005 0.081	
V 7 10 0.163 -0.170 0.007 0.010 0.098 -0.249 0.422 0.006 -0.332 -0.115	
V 8 10 0.362 -0.173 0.206 -0.041 0.077 -0.370 0.165 -0.012 -0.256 -0.252	
V 9 10 0.439 -0.382 -0.036 -0.150 0.077 -0.333 0.096 -0.275 -0.556 -0.090	
V 10 10 0.092 -0.022 -0.055 -0.026 -0.007 -0.166 0.220 -0.200 -0.276 -0.190	
V 11 10 -0.030 0.099 0.047 0.149 0.061 -0.069 0.387 -0.054 -0.067 -0.279	
V 12 10 0.785 -0.535 0.186 -0.117 0.399 -0.583 -0.136 0.122 -0.134 0.150	
V 13 10 0.255 -0.155 0.174 -0.049 -0.061 -0.459 0.174 0.164 -0.183 -0.114	
V 14 10 -0.040 0.011 0.049 0.043 -0.058 0.017 -0.118 0.142 0.060 0.042	
V 15 10 0.740 -0.664 0.053 -0.252 0.146 -0.642 0.173 0.035 -0.501 -0.011	
V 16 10 -0.126 0.190 -0.104 -0.081 -0.214 0.062 -0.181 -0.285 -0.171 0.023	
V 17 10 -0.149 0.081 0.078 0.094 -0.013 -0.074 0.361 0.224 0.194 -0.068	
V 18 10 -0.141 0.032 -0.291 -0.236 -0.247 -0.055 -0.127 -0.099 -0.249 0.166	
V 19 10 0.828 -0.275 0.078 -0.199 0.186 -0.355 -0.336 -0.581 -0.673 -0.260	
V 20 10 0.398 -0.464 0.015 -0.119 0.175 -0.333 0.196 -0.040 -0.414 0.012	
V 21 10 -0.079 0.059 -0.002 -0.295 -0.255 -0.221 -0.156 0.007 -0.093 0.022	
V 22 10 0.146 -0.038 -0.079 0.056 -0.073 -0.137 0.229 -0.308 -0.364 -0.145	
V 23 10 0.362 -0.299 -0.040 -0.259 -0.026 -0.423 0.028 -0.219 -0.635 -0.074	
V 24 10 0.176 -0.254 0.012 -0.032 -0.041 -0.381 0.387 0.166 -0.272 0.104	
V 25 10 0.099 -0.052 -0.013 -0.160 -0.216 0.039 -0.331 -0.057 -0.055 0.178	
V 26 10 -0.019 -0.028 0.012 0.058 0.107 -0.070 0.322 0.247 0.036 -0.000	
V 27 10 0.259 -0.261 -0.103 -0.013 0.131 -0.353 0.364 -0.169 -0.355 -0.100	
V 28 10 -0.281 0.049 -0.112 0.007 -0.038 0.169 0.055 0.000 0.134 -0.024	
V 29 10 -0.458 0.057 -0.029 -0.394 -0.150 0.038 0.010 0.177 -0.004 0.209	
V 30 10 0.143 -0.255 0.029 -0.161 -0.118 -0.088 -0.134 0.310 -0.044 0.241	
V 31 10 0.344 -0.324 -0.057 0.071 0.171 -0.304 0.466 -0.130 -0.597 -0.176	
V 32 10 -0.307 0.225 -0.162 -0.208 -0.269 0.008 -0.144 0.045 0.202 0.208	
V 33 10 -0.317 -0.247 0.076 0.016 -0.019 -0.055 0.167 -0.364 -0.348 -0.022	
V 34 10 -0.196 0.182 0.099 0.052 -0.137 -0.109 0.106 0.288 0.366 -0.096	
V 35 10 0.000 -0.125 0.066 -0.153 -0.193 -0.176 -0.172 0.180 -0.152 0.178	
V 36 10 -0.100 0.091 0.056 0.016 -0.110 0.064 -0.031 0.126 0.184 0.059	
V 37 10 0.116 0.486 -0.415 -0.057 -0.242 -0.323 0.530 -0.519 -0.468 -0.415	
V 38 10 0.632 -1.189 0.445 -0.413 0.572 -0.410 -0.234 -0.230 -0.361 -0.179	
V 39 10 -0.074 0.230 0.103 -0.027 -0.203 -0.156 0.073 0.039 0.099 -0.167	
V 40 10 -0.184 0.109 0.133 -0.088 0.019 -0.009 0.036 0.479 0.310 0.023	
V 41 10 -0.164 0.023 -0.001 -0.055 -0.102 0.070 -0.120 0.229 0.240 0.187	
V 42 10 0.070 -0.106 -0.002 -0.276 -0.162 -0.323 -0.027 -0.073 -0.369 -0.128	
V 43 10 -0.020 -0.032 -0.122 -0.104 -0.113 -0.116 0.114 0.061 -0.282 0.198	
V 44 10 0.466 -0.248 0.017 -0.188 0.054 -0.292 -0.105 -0.316 -0.383 -0.108	
V 45 10 -0.194 0.127 0.031 -0.248 -0.324 0.032 -0.385 0.218 0.298 0.154	
V 46 10 0.321 -0.198 0.055 -0.038 0.156 -0.323 0.318 -0.061 -0.330 -0.181	
V 47 10 -0.310 0.400 -0.118 -0.045 -0.374 0.057 -0.140 -0.185 -0.092 0.020	
V 48 10 0.300 -0.252 0.078 0.079 0.082 -0.444 0.534 0.124 -0.312 -0.261	
V 49 10 -0.435 0.179 -0.012 -0.079 -0.074 -0.328 0.153 0.044 -0.113 0.076	
V 50 10 -0.348 0.285 -0.145 0.073 -0.110 0.363 -0.008 -0.088 0.303 0.072	
V 51 10 -0.219 -0.252 -0.167 -0.478 -0.343 0.246 0.451 -0.399 -0.308 0.040	
V 52 10 -0.203 0.155 -0.121 -0.045 -0.194 -0.108 0.180 0.043 -0.189 0.108	
V 53 10 -0.303 -0.167 0.359 -0.113 0.014 -0.022 -0.231 0.259 0.195 0.042	
V 54 10 0.528 -0.243 0.274 0.174 0.264 -0.522 0.174 0.203 -0.185 -0.323	
V 55 10 0.227 -0.067 0.319 -0.020 -0.031 -0.313 0.112 0.412 -0.319 0.011	
V 56 10 0.509 -0.564 0.477 0.140 -0.213 -0.310 -0.100 0.185 -0.770 0.012	
V 57 10 -0.065 0.097 0.178 -0.093 -0.158 -0.224 0.076 0.430 0.028 0.062	
V 58 10 -0.196 0.020 -0.058 -0.053 -0.049 0.024 0.227 0.335 0.187 0.257	
V 59 10 0.290 -0.366 -0.497 0.226 0.123 -0.160 0.229 0.525 0.164 -0.268	
V 60 10 0.208 -0.009 0.101 0.027 -0.150 -0.449 0.267 0.201 -0.032 0.023	
V 61 10 0.432 -0.288 0.022 0.021 0.226 -0.232 0.220 -0.233 -0.487 -0.118	
V 62 10 -0.118 0.045 -0.124 -0.003 -0.077 -0.224 0.619 -0.077 -0.423 -0.162	
V 63 10 0.355 -0.165 -0.057 -0.435 -0.023 -0.242 -0.304 -0.554 -0.496 0.016	
V 64 10 0.586 -0.533 0.038 -0.250 0.127 -0.420 -0.030 -0.162 -0.449 0.050	
V 65 10 0.766 -0.636 0.186 -0.391 0.138 -0.542 -0.269 -0.179 -0.506 0.027	
V 66 10 0.847 -0.681 0.252 -0.096 0.279 -0.488 -0.189 0.100 -0.356 0.127	
V 67 10 0.242 -0.381 -0.169 0.204 -0.368 -0.223 0.020 -0.038 0.295 0.074	
V 68 10 0.053 -0.202 0.137 -0.111 0.003 -0.294 0.148 0.305 -0.034 -0.022	
V 69 10 -0.009 0.125 -0.183 -0.324 -0.258 -0.122 -0.051 -0.243 -0.139 0.093	
V 70 10 0.208 -0.108 -0.129 -0.521 -0.345 -0.363 -0.127 -0.516 -0.567 -0.117	
V 71 10 0.673 -0.610 0.131 -0.164 0.226 -0.476 0.096 -0.232 -0.766 -0.159	
V 72 10 0.046 0.120 0.061 -0.183 -0.250 0.057 0.112 0.083 0.200 0.077	
V 73 10 -0.058 0.116 0.094 0.102 -0.157 -0.317 0.432 0.257 -0.114 -0.049	
V 74 10 0.426 -0.343 0.114 0.034 0.194 -0.424 0.587 0.046 -0.484 -0.138	
V 75 10 0.733 -0.265 -0.021 0.331 0.155 -0.418 0.644 -0.280 -0.262 -0.443	
V 76 10 0.070 -0.179 0.121 -0.259 -0.250 -0.248 -0.422 -0.160 -0.209 -0.001	
V 77 10 -0.063 0.102 0.084 -0.227 -0.282 -0.179 -0.197 0.150 -0.013 0.041	
V 78 10 0.170 -0.084 0.409 -0.111 0.013 -0.473 -0.118 0.434 -0.080 -0.042	
V 79 10 0.468 -0.458 0.043 -0.110 0.143 -0.298 0.091 -0.047 -0.528 0.047	
V 80 10 -0.042 0.035 0.122 -0.159 -0.061 -0.010 -0.139 0.094 0.091 0.114	
V 81 10 0.002 0.068 0.011 -0.384 -0.354 -0.249 -0.271 -0.060 -0.312 0.230	
V 82 10 -0.185 -0.013 0.082 0.084 -0.187 -0.023 0.002 0.325 0.023 0.228	
V 83 10 0.117 -0.049 0.099 -0.038 -0.081 -0.097 0.084 0.064 -0.152 -0.021	
V 84 10 0.144 -0.397 -0.393 0.406 0.071 -0.524 0.497 0.275 -0.331 0.839	
V 85 10 0.111 -0.001 0.016 -0.191 -0.175 -0.231 -0.054 -0.154 -0.321 0.043	
V 86 10 0.117 -0.092 -0.048 0.055 -0.043 -0.215 0.402 -0.118 -0.181 -0.035	
V 87 10 0.723 -0.455 0.471 -0.057 0.207 -0.623 -0.036 0.205 -0.125 -0.047	
V 88 10 0.393 -0.148 -0.158 -0.265 0.012 -0.184 -0.062 -0.458 -0.390 0.096	
V 89 10 0.143 -0.167 -0.013 -0.088 0.008 -0.222 0.067 -0.079 -0.360 -0.040	
V 90 10 0.281 0.200 0.190 0.292 -0.243 -0.077 0.151 0.258 -0.062 0.398	
V 91 10 -0.001 0.176 -0.118 0.341 -0.085 -0.061 -0.273 -0.134 -0.004 -0.058	
V 92 10 0.536 -0.158 0.372 -0.045 -0.070 -0.607 0.019 0.223 -0.293 -0.126	
V 93 10 0.528 -0.414 0.255 -0.105 0.070 -0.590 0.004 0.101 -0.315 -0.180	
V 94 10 -0.146 0.213 -0.015 -0.070 -0.243 -0.203 0.128 0.025 -0.132 -0.031	
V 95 10 0.449 -0.407 0.167 -0.034 0.076 -0.478 0.128 -0.060 -0.333 -0.237	
V 96 10 0.272 -0.121 0.212 0.110 -0.236 -0.158 -0.237 0.307 0.254 0.287	
V 97 10 -0.428 0.040 -0.077 0.012 -0.188 0.037 -0.748 0.273 -0.032 0.841	
V 98 10 0.302 0.095 0.059 -0.320 -0.142 -0.112 -0.017 0.168 -0.346 -0.176	
V 99 10 -0.049 0.087 0.134 -0.204 -0.288 -0.156 -0.326 0.019 -0.171 0.171	
V 100 10 0.006 -0.170 -0.069 -0.167 -0.190 -0.260 0.063 -0.041 -0.312 -0.005	