V 0 10 0.139 0.159 -0.269 0.252 0.409 0.483 0.397 -0.238 -0.032 -0.324	
V 1 10 -0.095 0.177 -0.071 0.053 -0.089 -0.033 0.293 -0.032 0.180 -0.153	
V 2 10 -0.031 -0.106 -0.017 -0.224 -0.114 -0.281 0.243 0.117 -0.058 -0.036	
V 3 10 0.371 -0.213 0.067 -0.043 0.081 -0.201 0.042 -0.072 -0.434 -0.004	
V 4 10 0.237 -0.298 -0.007 0.001 0.009 -0.468 0.439 0.206 -0.146 -0.039	
V 5 10 0.385 -0.270 0.099 0.059 0.063 -0.413 0.462 -0.195 -0.615 -0.251	
V 6 10 -0.257 0.227 0.002 -0.055 -0.253 0.062 -0.138 0.002 -0.010 0.122	
V 7 10 0.114 -0.165 -0.031 -0.002 0.110 -0.227 0.430 0.034 -0.374 -0.115	
V 8 10 0.384 -0.102 0.187 0.120 0.041 -0.378 0.089 -0.071 -0.280 -0.308	
V 9 10 0.373 -0.394 -0.061 -0.127 0.083 -0.348 0.086 -0.283 -0.585 -0.129	
V 10 10 0.080 -0.021 -0.098 -0.045 0.002 -0.159 0.221 -0.209 -0.253 -0.224	
V 11 10 -0.031 0.126 0.019 0.152 0.058 -0.059 0.383 -0.071 -0.055 -0.295	
V 12 10 0.763 -0.570 0.046 -0.249 0.481 -0.648 -0.133 0.179 -0.141 -0.032	
V 13 10 0.264 -0.129 0.176 0.071 -0.109 -0.469 0.194 0.146 -0.228 -0.085	
V 14 10 -0.056 -0.028 0.092 0.121 -0.116 0.013 -0.110 0.160 0.016 0.068	
V 15 10 0.623 -0.706 0.038 -0.306 0.164 -0.648 0.218 0.041 -0.571 -0.008	
V 16 10 -0.127 0.205 -0.087 -0.065 -0.241 0.082 -0.189 -0.247 -0.209 0.097	
V 17 10 -0.143 0.088 0.030 0.019 0.015 -0.094 0.386 0.232 0.212 -0.079	
V 18 10 -0.176 0.008 -0.292 -0.311 -0.196 -0.026 -0.122 -0.040 -0.274 0.181	
V 19 10 0.907 -0.155 0.063 -0.150 0.135 -0.360 -0.360 -0.708 -0.639 -0.328	
V 20 10 0.354 -0.489 0.028 -0.106 0.184 -0.316 0.197 -0.048 -0.453 -0.035	
V 21 10 -0.079 0.028 0.004 -0.348 -0.232 -0.222 -0.149 0.005 -0.059 -0.005	
V 22 10 0.132 -0.048 -0.063 0.145 -0.134 -0.112 0.225 -0.341 -0.393 -0.081	
V 23 10 0.292 -0.313 -0.042 -0.275 -0.006 -0.423 0.031 -0.195 -0.676 -0.084	
V 24 10 0.181 -0.208 -0.003 -0.042 0.006 -0.349 0.421 0.221 -0.353 0.117	
V 25 10 0.135 -0.044 0.044 -0.050 -0.286 0.028 -0.333 -0.058 -0.087 0.262	
V 26 10 -0.036 -0.036 -0.017 -0.010 0.147 -0.096 0.322 0.255 0.049 -0.009	
V 27 10 0.194 -0.233 -0.102 -0.050 0.058 -0.436 0.407 -0.083 -0.382 0.021	
V 28 10 -0.261 0.053 -0.128 -0.030 -0.001 0.134 0.028 0.006 0.202 -0.063	
V 29 10 -0.486 0.024 0.005 -0.477 -0.102 0.047 0.001 0.253 -0.001 0.210	
V 30 10 0.140 -0.336 -0.018 -0.201 -0.168 -0.125 -0.080 0.369 -0.021 0.273	
V 31 10 0.306 -0.306 -0.082 0.110 0.161 -0.274 0.481 -0.147 -0.649 -0.110	
V 32 10 -0.305 0.168 -0.109 -0.271 -0.258 0.020 -0.137 0.055 0.225 0.239	
V 33 10 -0.208 -0.166 0.031 -0.009 -0.003 -0.082 0.197 -0.236 -0.313 -0.027	
V 34 10 -0.191 0.162 0.079 0.009 -0.129 -0.142 0.116 0.274 0.411 -0.120	
V 35 10 -0.022 -0.120 0.093 -0.170 -0.171 -0.251 -0.121 0.223 -0.192 0.287	
V 36 10 -0.065 0.089 0.059 0.026 -0.112 0.076 -0.027 0.147 0.190 0.092	
V 37 10 0.008 0.453 -0.713 0.243 -0.134 -0.239 1.043 -0.482 -0.470 -0.294	
V 38 10 0.757 -1.172 0.563 -0.308 0.915 -0.436 -0.228 -0.126 -0.387 -0.325	
V 39 10 -0.078 0.226 0.093 -0.067 -0.183 -0.152 0.101 0.001 0.122 -0.158	
V 40 10 -0.223 -0.012 0.080 -0.163 0.062 0.007 0.002 0.541 0.279 0.008	
V 41 10 -0.168 -0.016 0.017 -0.101 -0.084 0.068 -0.115 0.234 0.251 0.189	
V 42 10 0.061 -0.102 0.001 -0.288 -0.170 -0.310 -0.002 -0.088 -0.375 -0.107	
V 43 10 -0.069 -0.085 -0.099 -0.122 -0.131 -0.083 0.123 0.087 -0.325 0.272	
V 44 10 0.467 -0.218 -0.008 -0.227 0.083 -0.305 -0.097 -0.344 -0.370 -0.144	
V 45 10 -0.171 0.097 0.071 -0.261 -0.362 0.015 -0.375 0.207 0.314 0.160	
V 46 10 0.330 -0.150 0.026 -0.035 0.148 -0.278 0.354 -0.062 -0.382 -0.140	
V 47 10 -0.276 0.432 -0.078 -0.056 -0.394 0.083 -0.136 -0.175 -0.093 0.091	
V 48 10 0.275 -0.255 0.073 0.082 0.043 -0.419 0.584 0.093 -0.348 -0.225	
V 49 10 -0.506 0.263 -0.135 -0.284 -0.234 -0.249 0.292 -0.034 -0.074 0.132	
V 50 10 -0.358 0.266 -0.136 0.057 -0.107 0.370 -0.039 -0.068 0.309 0.100	
V 51 10 -0.219 -0.252 -0.167 -0.478 -0.343 0.246 0.451 -0.399 -0.308 0.040	
V 52 10 -0.229 0.137 -0.125 -0.014 -0.187 -0.095 0.173 0.053 -0.201 0.158	
V 53 10 -0.203 -0.154 0.337 -0.049 0.032 0.022 -0.219 0.368 0.264 0.109	
V 54 10 0.660 -0.074 0.234 0.239 0.255 -0.511 0.259 0.213 -0.145 -0.367	
V 55 10 0.194 -0.140 0.287 0.031 -0.127 -0.389 0.261 0.594 -0.337 -0.029	
V 56 10 0.612 -0.764 0.538 0.104 -0.070 -0.591 0.062 0.269 -0.821 -0.133	
V 57 10 -0.115 0.137 0.126 -0.220 -0.115 -0.221 0.077 0.514 -0.086 0.137	
V 58 10 -0.189 0.009 -0.062 -0.120 -0.013 0.032 0.253 0.372 0.168 0.304	
V 59 10 0.160 -0.220 -0.408 0.286 -0.133 -0.406 0.145 0.796 0.544 -0.033	
V 60 10 0.231 -0.014 0.088 0.055 -0.191 -0.459 0.295 0.173 -0.003 0.008	
V 61 10 0.406 -0.291 0.005 0.048 0.209 -0.204 0.251 -0.222 -0.519 -0.110	
V 62 10 -0.182 0.038 -0.157 -0.005 -0.075 -0.194 0.636 -0.074 -0.442 -0.092	
V 63 10 0.278 -0.176 -0.039 -0.554 0.025 -0.268 -0.278 -0.506 -0.527 0.024	
V 64 10 0.557 -0.497 0.050 -0.268 0.173 -0.386 0.015 -0.117 -0.534 0.041	
V 65 10 0.780 -0.591 0.205 -0.412 0.183 -0.532 -0.223 -0.164 -0.548 -0.055	
V 66 10 0.847 -0.602 0.290 -0.038 0.323 -0.474 -0.181 0.131 -0.461 0.038	
V 67 10 0.174 -0.302 -0.142 0.165 -0.338 -0.250 0.068 0.011 0.256 0.057	
V 68 10 0.045 -0.183 0.101 -0.173 -0.023 -0.326 0.187 0.359 -0.061 -0.035	
V 69 10 -0.008 0.138 -0.190 -0.387 -0.217 -0.100 -0.026 -0.177 -0.151 0.146	
V 70 10 0.173 -0.151 -0.128 -0.587 -0.361 -0.379 -0.078 -0.585 -0.498 -0.090	
V 71 10 0.625 -0.593 0.119 -0.134 0.192 -0.454 0.121 -0.220 -0.845 -0.175	
V 72 10 -0.006 0.126 0.197 -0.402 -0.366 0.060 0.077 0.105 0.106 0.186	
V 73 10 -0.052 0.127 0.063 0.121 -0.175 -0.321 0.447 0.280 -0.127 -0.013	
V 74 10 0.337 -0.323 0.089 0.088 0.194 -0.395 0.609 0.087 -0.596 -0.101	
V 75 10 0.737 -0.254 0.016 0.295 0.149 -0.530 0.755 -0.258 -0.378 -0.565	
V 76 10 0.040 -0.224 0.166 -0.269 -0.265 -0.237 -0.393 -0.166 -0.229 0.016	
V 77 10 -0.143 0.074 0.047 -0.344 -0.278 -0.213 -0.163 0.259 -0.063 0.036	
V 78 10 0.204 -0.103 0.463 -0.104 -0.086 -0.544 -0.052 0.428 0.036 -0.220	
V 79 10 0.420 -0.452 0.034 -0.071 0.132 -0.269 0.105 -0.015 -0.626 0.075	
V 80 10 -0.034 -0.001 0.126 -0.128 -0.075 -0.035 -0.185 0.133 0.096 0.033	
V 81 10 -0.058 0.006 0.042 -0.460 -0.328 -0.200 -0.211 0.035 -0.372 0.282	
V 82 10 -0.204 -0.061 0.036 -0.059 -0.125 -0.045 0.104 0.435 0.020 0.294	
V 83 10 0.094 0.029 0.094 -0.132 -0.196 -0.123 0.128 0.070 -0.169 -0.042	
V 84 10 0.290 -0.333 -0.622 0.167 0.088 -0.494 0.453 0.349 -0.173 1.062	
V 85 10 0.121 0.018 0.053 -0.162 -0.196 -0.195 -0.040 -0.165 -0.364 0.148	
V 86 10 0.147 -0.070 -0.077 0.088 -0.083 -0.216 0.423 -0.121 -0.168 0.001	
V 87 10 0.753 -0.435 0.396 0.019 0.217 -0.648 -0.057 0.191 -0.123 -0.234	
V 88 10 0.399 -0.127 -0.166 -0.306 0.047 -0.182 -0.048 -0.428 -0.398 0.098	
V 89 10 0.118 -0.159 -0.000 -0.057 -0.005 -0.195 0.074 -0.079 -0.405 -0.014	
V 90 10 0.187 0.226 0.145 0.259 -0.173 -0.168 0.304 0.353 -0.149 0.423	
V 91 10 -0.001 0.176 -0.118 0.341 -0.085 -0.061 -0.273 -0.134 -0.004 -0.058	
V 92 10 0.408 -0.169 0.389 -0.004 -0.019 -0.605 0.048 0.286 -0.433 -0.192	
V 93 10 0.496 -0.402 0.231 -0.099 0.108 -0.592 0.024 0.096 -0.353 -0.253	
V 94 10 -0.177 0.188 -0.027 -0.106 -0.245 -0.190 0.149 0.056 -0.140 0.015	
V 95 10 0.423 -0.417 0.155 0.000 0.048 -0.484 0.148 -0.112 -0.338 -0.296	
V 96 10 0.287 -0.152 0.279 0.072 -0.153 -0.156 -0.283 0.319 0.214 0.196	
V 97 10 -0.516 0.003 -0.060 -0.198 -0.402 -0.050 -0.692 0.602 -0.233 0.902	
V 98 10 0.351 -0.060 0.110 -0.308 -0.085 -0.223 -0.023 0.143 -0.445 -0.121	
V 99 10 -0.044 0.096 0.196 -0.087 -0.413 -0.169 -0.363 0.088 -0.267 0.112	
V 100 10 -0.082 -0.240 -0.089 -0.231 -0.210 -0.262 0.090 -0.033 -0.336 0.034	